%YAML:1.0
---
CameraNum: 3
Camera_000_OutMat: !!opencv-matrix
   rows: 3
   cols: 4
   dt: d
   data: [ -8.8607241676268078e-01, 4.0743544258411715e-02,
       4.6175278651417462e-01, 4.1217832102785906e+02,
       -1.0424966186304131e-01, -9.8812694273717538e-01,
       -1.1285899626668824e-01, -1.8764399153954603e+01,
       4.5167209372927131e-01, -1.4813881543385463e-01,
       8.7979952893148916e-01, 3.7957650464787343e+03 ]
Camera_000_InterMat: !!opencv-matrix
   rows: 3
   cols: 3
   dt: d
   data: [ 10000., 0., 2744., 0., 10000., 1836., 0., 0., 1. ]
Camera_000_DisMat: !!opencv-matrix
   rows: 5
   cols: 1
   dt: d
   data: [ -9.5308734306066081e-02, 8.6571642992477060e-01,
       -1.1603884963306239e-04, -3.7586357900531580e-04, 0. ]
Camera_000_ReProjectErr: 1.1427477619693476e+00
Camera_001_OutMat: !!opencv-matrix
   rows: 3
   cols: 4
   dt: d
   data: [ -9.9080318133216627e-01, 6.8606511914173079e-02,
       1.1662848016256111e-01, 1.1737541515239430e+02,
       -9.5732863875345714e-02, -9.6455952571676973e-01,
       -2.4588643745287159e-01, 4.3644880156677992e+01,
       9.5625700710023603e-02, -2.5479024289012880e-01,
       9.6225654453046250e-01, 3.6543033300822603e+03 ]
Camera_001_InterMat: !!opencv-matrix
   rows: 3
   cols: 3
   dt: d
   data: [ 10000., 0., 2744., 0., 10000., 1836., 0., 0., 1. ]
Camera_001_DisMat: !!opencv-matrix
   rows: 5
   cols: 1
   dt: d
   data: [ -9.5308734306066081e-02, 8.6571642992477060e-01,
       -1.1603884963306239e-04, -3.7586357900531580e-04, 0. ]
Camera_001_ReProjectErr: 6.8736437641009906e-01
Camera_002_OutMat: !!opencv-matrix
   rows: 3
   cols: 4
   dt: d
   data: [ -8.5473403153942318e-01, -1.0352892356816131e-02,
       -5.1896295912927382e-01, -5.1424523648445287e+01,
       4.0581850169687739e-02, -9.9807359652349070e-01,
       -4.6927703539264481e-02, 2.1986007831031910e+02,
       -5.1747738961733314e-01, -6.1171182288004375e-02,
       8.5350760845602214e-01, 2.9987769509388004e+03 ]
Camera_002_InterMat: !!opencv-matrix
   rows: 3
   cols: 3
   dt: d
   data: [ 10000., 0., 2744., 0., 10000., 1836., 0., 0., 1. ]
Camera_002_DisMat: !!opencv-matrix
   rows: 5
   cols: 1
   dt: d
   data: [ -9.5308734306066081e-02, 8.6571642992477060e-01,
       -1.1603884963306239e-04, -3.7586357900531580e-04, 0. ]
Camera_002_ReProjectErr: 2.2995248986422423e+00
